(kicad_pcb (version 20171130) (host pcbnew "(5.1.5)-3")

  (general
    (thickness 1.6)
    (drawings 9)
    (tracks 717)
    (zones 0)
    (modules 98)
    (nets 102)
  )

  (page A4)
  (layers
    (0 F.Cu signal)
    (31 B.Cu signal)
    (32 B.Adhes user)
    (33 F.Adhes user)
    (34 B.Paste user)
    (35 F.Paste user)
    (36 B.SilkS user)
    (37 F.SilkS user)
    (38 B.Mask user)
    (39 F.Mask user)
    (40 Dwgs.User user)
    (41 Cmts.User user)
    (42 Eco1.User user)
    (43 Eco2.User user)
    (44 Edge.Cuts user)
    (45 Margin user)
    (46 B.CrtYd user)
    (47 F.CrtYd user)
    (48 B.Fab user hide)
    (49 F.Fab user hide)
  )

  (setup
    (last_trace_width 0.25)
    (user_trace_width 3.500001)
    (trace_clearance 0.2)
    (zone_clearance 0.25)
    (zone_45_only no)
    (trace_min 0.2)
    (via_size 0.8)
    (via_drill 0.4)
    (via_min_size 0.4)
    (via_min_drill 0.3)
    (uvia_size 0.3)
    (uvia_drill 0.1)
    (uvias_allowed no)
    (uvia_min_size 0.2)
    (uvia_min_drill 0.1)
    (edge_width 0.05)
    (segment_width 0.2)
    (pcb_text_width 0.3)
    (pcb_text_size 1.5 1.5)
    (mod_edge_width 0.12)
    (mod_text_size 1 1)
    (mod_text_width 0.15)
    (pad_size 0.9 1.2)
    (pad_drill 0)
    (pad_to_mask_clearance 0.051)
    (solder_mask_min_width 0.25)
    (aux_axis_origin 0 0)
    (visible_elements 7FFFEF7F)
    (pcbplotparams
      (layerselection 0x010fc_ffffffff)
      (usegerberextensions false)
      (usegerberattributes false)
      (usegerberadvancedattributes false)
      (creategerberjobfile false)
      (excludeedgelayer true)
      (linewidth 0.100000)
      (plotframeref false)
      (viasonmask false)
      (mode 1)
      (useauxorigin false)
      (hpglpennumber 1)
      (hpglpenspeed 20)
      (hpglpendiameter 15.000000)
      (psnegative false)
      (psa4output false)
      (plotreference true)
      (plotvalue true)
      (plotinvisibletext false)
      (padsonsilk false)
      (subtractmaskfromsilk false)
      (outputformat 1)
      (mirror false)
      (drillshape 0)
      (scaleselection 1)
      (outputdirectory "./Gerber"))
  )

  (net 0 "")
  (net 1 EARTH)
  (net 2 "Net-(C2-Pad1)")
  (net 3 "Net-(C22-Pad1)")
  (net 4 GND)
  (net 5 "Net-(C5-Pad1)")
  (net 6 "Net-(C5-Pad2)")
  (net 7 "Net-(C6-Pad1)")
  (net 8 "Net-(C6-Pad2)")
  (net 9 VCC)
  (net 10 V_SENSOR)
  (net 11 "Net-(C11-Pad1)")
  (net 12 "Net-(C12-Pad1)")
  (net 13 "Net-(C13-Pad1)")
  (net 14 CURR_1)
  (net 15 CURR_2)
  (net 16 CURR_3)
  (net 17 3V3)
  (net 18 9V)
  (net 19 "Net-(D3-Pad3)")
  (net 20 "Net-(D4-Pad3)")
  (net 21 "Net-(D5-Pad3)")
  (net 22 NEUTRAL)
  (net 23 HOT)
  (net 24 NEUT_1)
  (net 25 NEUT_2)
  (net 26 NEUT_3)
  (net 27 I2C_SDA)
  (net 28 I2C_SCL)
  (net 29 "Net-(R12-Pad2)")
  (net 30 "Net-(R13-Pad2)")
  (net 31 "Net-(R14-Pad2)")
  (net 32 "Net-(R15-Pad2)")
  (net 33 "Net-(R16-Pad2)")
  (net 34 "Net-(R17-Pad2)")
  (net 35 "Net-(R18-Pad2)")
  (net 36 "Net-(U1-Pad1)")
  (net 37 "Net-(U1-Pad2)")
  (net 38 "Net-(U1-Pad3)")
  (net 39 "Net-(U1-Pad4)")
  (net 40 "Net-(U1-Pad5)")
  (net 41 "Net-(U1-Pad6)")
  (net 42 "Net-(U1-Pad7)")
  (net 43 "Net-(U1-Pad8)")
  (net 44 "Net-(U1-Pad9)")
  (net 45 "Net-(U1-Pad10)")
  (net 46 "Net-(U1-Pad11)")
  (net 47 "Net-(U1-Pad12)")
  (net 48 "Net-(U1-Pad13)")
  (net 49 "Net-(U1-Pad15)")
  (net 50 "Net-(U1-Pad16)")
  (net 51 "Net-(U1-Pad17)")
  (net 52 "Net-(U1-Pad18)")
  (net 53 "Net-(U1-Pad21)")
  (net 54 I2C_SCL_3V3)
  (net 55 "Net-(U1-Pad23)")
  (net 56 "Net-(U1-Pad24)")
  (net 57 I2C_SDA_3V3)
  (net 58 "Net-(U1-Pad26)")
  (net 59 "Net-(U1-Pad27)")
  (net 60 "Net-(U1-Pad28)")
  (net 61 "Net-(U1-Pad29)")
  (net 62 "Net-(U1-Pad30)")
  (net 63 "Net-(U1-Pad31)")
  (net 64 "Net-(U1-Pad32)")
  (net 65 "Net-(U1-Pad33)")
  (net 66 "Net-(U1-Pad34)")
  (net 67 "Net-(U1-Pad35)")
  (net 68 "Net-(U1-Pad36)")
  (net 69 "Net-(U1-Pad37)")
  (net 70 "Net-(U4-Pad9)")
  (net 71 "Net-(U4-Pad10)")
  (net 72 "Net-(U4-Pad11)")
  (net 73 "Net-(U4-Pad12)")
  (net 74 PF_OUT)
  (net 75 "Net-(U4-Pad17)")
  (net 76 "Net-(C21-Pad2)")
  (net 77 "Net-(U4-Pad21)")
  (net 78 "Net-(U4-Pad22)")
  (net 79 "Net-(U4-Pad23)")
  (net 80 "Net-(U4-Pad24)")
  (net 81 "Net-(U4-Pad25)")
  (net 82 "Net-(U4-Pad26)")
  (net 83 "Net-(C18-Pad1)")
  (net 84 "Net-(D6-Pad1)")
  (net 85 "Net-(D6-Pad2)")
  (net 86 PGD)
  (net 87 MCLR)
  (net 88 "Net-(R22-Pad2)")
  (net 89 PGC)
  (net 90 NEUTRAL_OUT)
  (net 91 "Net-(U8-Pad7)")
  (net 92 "Net-(U8-Pad1)")
  (net 93 "Net-(U10-Pad11)")
  (net 94 "Net-(U10-Pad10)")
  (net 95 "Net-(U10-Pad9)")
  (net 96 "Net-(U10-Pad6)")
  (net 97 "Net-(U10-Pad5)")
  (net 98 "Net-(U10-Pad4)")
  (net 99 HOT_OUT)
  (net 100 NEUTRAL_SURGE)
  (net 101 "Net-(U4-Pad18)")

  (net_class Default "This is the default net class."
    (clearance 0.2)
    (trace_width 0.25)
    (via_dia 0.8)
    (via_drill 0.4)
    (uvia_dia 0.3)
    (uvia_drill 0.1)
    (add_net 3V3)
    (add_net 9V)
    (add_net CURR_1)
    (add_net CURR_2)
    (add_net CURR_3)
    (add_net GND)
    (add_net I2C_SCL)
    (add_net I2C_SCL_3V3)
    (add_net I2C_SDA)
    (add_net I2C_SDA_3V3)
    (add_net MCLR)
    (add_net "Net-(C11-Pad1)")
    (add_net "Net-(C12-Pad1)")
    (add_net "Net-(C13-Pad1)")
    (add_net "Net-(C18-Pad1)")
    (add_net "Net-(C2-Pad1)")
    (add_net "Net-(C21-Pad2)")
    (add_net "Net-(C22-Pad1)")
    (add_net "Net-(C5-Pad1)")
    (add_net "Net-(C5-Pad2)")
    (add_net "Net-(C6-Pad1)")
    (add_net "Net-(C6-Pad2)")
    (add_net "Net-(D3-Pad3)")
    (add_net "Net-(D4-Pad3)")
    (add_net "Net-(D5-Pad3)")
    (add_net "Net-(D6-Pad1)")
    (add_net "Net-(D6-Pad2)")
    (add_net "Net-(R12-Pad2)")
    (add_net "Net-(R13-Pad2)")
    (add_net "Net-(R14-Pad2)")
    (add_net "Net-(R15-Pad2)")
    (add_net "Net-(R16-Pad2)")
    (add_net "Net-(R17-Pad2)")
    (add_net "Net-(R18-Pad2)")
    (add_net "Net-(R22-Pad2)")
    (add_net "Net-(U1-Pad1)")
    (add_net "Net-(U1-Pad10)")
    (add_net "Net-(U1-Pad11)")
    (add_net "Net-(U1-Pad12)")
    (add_net "Net-(U1-Pad13)")
    (add_net "Net-(U1-Pad15)")
    (add_net "Net-(U1-Pad16)")
    (add_net "Net-(U1-Pad17)")
    (add_net "Net-(U1-Pad18)")
    (add_net "Net-(U1-Pad2)")
    (add_net "Net-(U1-Pad21)")
    (add_net "Net-(U1-Pad23)")
    (add_net "Net-(U1-Pad24)")
    (add_net "Net-(U1-Pad26)")
    (add_net "Net-(U1-Pad27)")
    (add_net "Net-(U1-Pad28)")
    (add_net "Net-(U1-Pad29)")
    (add_net "Net-(U1-Pad3)")
    (add_net "Net-(U1-Pad30)")
    (add_net "Net-(U1-Pad31)")
    (add_net "Net-(U1-Pad32)")
    (add_net "Net-(U1-Pad33)")
    (add_net "Net-(U1-Pad34)")
    (add_net "Net-(U1-Pad35)")
    (add_net "Net-(U1-Pad36)")
    (add_net "Net-(U1-Pad37)")
    (add_net "Net-(U1-Pad4)")
    (add_net "Net-(U1-Pad5)")
    (add_net "Net-(U1-Pad6)")
    (add_net "Net-(U1-Pad7)")
    (add_net "Net-(U1-Pad8)")
    (add_net "Net-(U1-Pad9)")
    (add_net "Net-(U10-Pad10)")
    (add_net "Net-(U10-Pad11)")
    (add_net "Net-(U10-Pad4)")
    (add_net "Net-(U10-Pad5)")
    (add_net "Net-(U10-Pad6)")
    (add_net "Net-(U10-Pad9)")
    (add_net "Net-(U4-Pad10)")
    (add_net "Net-(U4-Pad11)")
    (add_net "Net-(U4-Pad12)")
    (add_net "Net-(U4-Pad17)")
    (add_net "Net-(U4-Pad18)")
    (add_net "Net-(U4-Pad21)")
    (add_net "Net-(U4-Pad22)")
    (add_net "Net-(U4-Pad23)")
    (add_net "Net-(U4-Pad24)")
    (add_net "Net-(U4-Pad25)")
    (add_net "Net-(U4-Pad26)")
    (add_net "Net-(U4-Pad9)")
    (add_net "Net-(U8-Pad1)")
    (add_net "Net-(U8-Pad7)")
    (add_net PF_OUT)
    (add_net PGC)
    (add_net PGD)
    (add_net VCC)
    (add_net V_SENSOR)
  )

  (net_class 120Vrms ""
    (clearance 0.8)
    (trace_width 3.500001)
    (via_dia 0.8)
    (via_drill 0.4)
    (uvia_dia 0.3)
    (uvia_drill 0.1)
    (add_net EARTH)
    (add_net HOT)
    (add_net HOT_OUT)
    (add_net NEUTRAL)
  )

  (net_class Neutral ""
    (clearance 0.8)
    (trace_width 3.500001)
    (via_dia 0.8)
    (via_drill 0.4)
    (uvia_dia 0.3)
    (uvia_drill 0.1)
    (add_net NEUTRAL_OUT)
    (add_net NEUTRAL_SURGE)
    (add_net NEUT_1)
    (add_net NEUT_2)
    (add_net NEUT_3)
  )

  (module MyCustom_Footprints:MODULE_ESP32-DEVKITC-32D (layer F.Cu) (tedit 5F0B6DD9) (tstamp 5F72B583)
    (at 92.2 115.6 90)
    (path /5F4EEC4F)
    (fp_text reference U1 (at -10.829175 -28.446045 90) (layer F.SilkS)
      (effects (font (size 1.000386 1.000386) (thickness 0.015)))
    )
    (fp_text value ESP32-DEVKITC-32D (at 1.24136 28.294535 90) (layer F.Fab)
      (effects (font (size 1.001047 1.001047) (thickness 0.015)))
    )
    (fp_circle (center -14.6 -19.9) (end -14.46 -19.9) (layer F.Fab) (width 0.28))
    (fp_circle (center -14.6 -19.9) (end -14.46 -19.9) (layer F.Fab) (width 0.28))
    (fp_line (start -14.2 27.5) (end -14.2 -27.4) (layer F.CrtYd) (width 0.05))
    (fp_line (start 14.2 27.5) (end -14.2 27.5) (layer F.CrtYd) (width 0.05))
    (fp_line (start 14.2 -27.4) (end 14.2 27.5) (layer F.CrtYd) (width 0.05))
    (fp_line (start -14.2 -27.4) (end 14.2 -27.4) (layer F.CrtYd) (width 0.05))
    (fp_line (start 13.95 27.25) (end -13.95 27.25) (layer F.SilkS) (width 0.127))
    (fp_line (start 13.95 -27.15) (end 13.95 27.25) (layer F.SilkS) (width 0.127))
    (fp_line (start -13.95 -27.15) (end 13.95 -27.15) (layer F.SilkS) (width 0.127))
    (fp_line (start -13.95 27.25) (end -13.95 -27.15) (layer F.SilkS) (width 0.127))
    (fp_line (start -13.95 27.25) (end -13.95 -27.15) (layer F.Fab) (width 0.127))
    (fp_line (start 13.95 27.25) (end -13.95 27.25) (layer F.Fab) (width 0.127))
    (fp_line (start 13.95 -27.15) (end 13.95 27.25) (layer F.Fab) (width 0.127))
    (fp_line (start -13.95 -27.15) (end 13.95 -27.15) (layer F.Fab) (width 0.127))
    (pad 38 thru_hole circle (at 12.7 25.96 90) (size 1.56 1.56) (drill 1.04) (layers *.Cu *.Mask)
      (net 4 GND))
    (pad 37 thru_hole circle (at 12.7 23.42 90) (size 1.56 1.56) (drill 1.04) (layers *.Cu *.Mask)
      (net 69 "Net-(U1-Pad37)"))
    (pad 36 thru_hole circle (at 12.7 20.88 90) (size 1.56 1.56) (drill 1.04) (layers *.Cu *.Mask)
      (net 68 "Net-(U1-Pad36)"))
    (pad 35 thru_hole circle (at 12.7 18.34 90) (size 1.56 1.56) (drill 1.04) (layers *.Cu *.Mask)
      (net 67 "Net-(U1-Pad35)"))
    (pad 34 thru_hole circle (at 12.7 15.8 90) (size 1.56 1.56) (drill 1.04) (layers *.Cu *.Mask)
      (net 66 "Net-(U1-Pad34)"))
    (pad 33 thru_hole circle (at 12.7 13.26 90) (size 1.56 1.56) (drill 1.04) (layers *.Cu *.Mask)
      (net 65 "Net-(U1-Pad33)"))
    (pad 32 thru_hole circle (at 12.7 10.72 90) (size 1.56 1.56) (drill 1.04) (layers *.Cu *.Mask)
      (net 64 "Net-(U1-Pad32)"))
    (pad 31 thru_hole circle (at 12.7 8.18 90) (size 1.56 1.56) (drill 1.04) (layers *.Cu *.Mask)
      (net 63 "Net-(U1-Pad31)"))
    (pad 30 thru_hole circle (at 12.7 5.64 90) (size 1.56 1.56) (drill 1.04) (layers *.Cu *.Mask)
      (net 62 "Net-(U1-Pad30)"))
    (pad 29 thru_hole circle (at 12.7 3.1 90) (size 1.56 1.56) (drill 1.04) (layers *.Cu *.Mask)
      (net 61 "Net-(U1-Pad29)"))
    (pad 28 thru_hole circle (at 12.7 0.56 90) (size 1.56 1.56) (drill 1.04) (layers *.Cu *.Mask)
      (net 60 "Net-(U1-Pad28)"))
    (pad 27 thru_hole circle (at 12.7 -1.98 90) (size 1.56 1.56) (drill 1.04) (layers *.Cu *.Mask)
      (net 59 "Net-(U1-Pad27)"))
    (pad 26 thru_hole circle (at 12.7 -4.52 90) (size 1.56 1.56) (drill 1.04) (layers *.Cu *.Mask)
      (net 58 "Net-(U1-Pad26)"))
    (pad 25 thru_hole circle (at 12.7 -7.06 90) (size 1.56 1.56) (drill 1.04) (layers *.Cu *.Mask)
      (net 57 I2C_SDA_3V3))
    (pad 24 thru_hole circle (at 12.7 -9.6 90) (size 1.56 1.56) (drill 1.04) (layers *.Cu *.Mask)
      (net 56 "Net-(U1-Pad24)"))
    (pad 23 thru_hole circle (at 12.7 -12.14 90) (size 1.56 1.56) (drill 1.04) (layers *.Cu *.Mask)
      (net 55 "Net-(U1-Pad23)"))
    (pad 22 thru_hole circle (at 12.7 -14.68 90) (size 1.56 1.56) (drill 1.04) (layers *.Cu *.Mask)
      (net 54 I2C_SCL_3V3))
    (pad 21 thru_hole circle (at 12.7 -17.22 90) (size 1.56 1.56) (drill 1.04) (layers *.Cu *.Mask)
      (net 53 "Net-(U1-Pad21)"))
    (pad 20 thru_hole circle (at 12.7 -19.76 90) (size 1.56 1.56) (drill 1.04) (layers *.Cu *.Mask)
      (net 4 GND))
    (pad 18 thru_hole circle (at -12.7 23.42 90) (size 1.56 1.56) (drill 1.04) (layers *.Cu *.Mask)
      (net 52 "Net-(U1-Pad18)"))
    (pad 17 thru_hole circle (at -12.7 20.88 90) (size 1.56 1.56) (drill 1.04) (layers *.Cu *.Mask)
      (net 51 "Net-(U1-Pad17)"))
    (pad 16 thru_hole circle (at -12.7 18.34 90) (size 1.56 1.56) (drill 1.04) (layers *.Cu *.Mask)
      (net 50 "Net-(U1-Pad16)"))
    (pad 15 thru_hole circle (at -12.7 15.8 90) (size 1.56 1.56) (drill 1.04) (layers *.Cu *.Mask)
      (net 49 "Net-(U1-Pad15)"))
    (pad 14 thru_hole circle (at -12.7 13.26 90) (size 1.56 1.56) (drill 1.04) (layers *.Cu *.Mask)
      (net 4 GND))
    (pad 13 thru_hole circle (at -12.7 10.72 90) (size 1.56 1.56) (drill 1.04) (layers *.Cu *.Mask)
      (net 48 "Net-(U1-Pad13)"))
    (pad 12 thru_hole circle (at -12.7 8.18 90) (size 1.56 1.56) (drill 1.04) (layers *.Cu *.Mask)
      (net 47 "Net-(U1-Pad12)"))
    (pad 11 thru_hole circle (at -12.7 5.64 90) (size 1.56 1.56) (drill 1.04) (layers *.Cu *.Mask)
      (net 46 "Net-(U1-Pad11)"))
    (pad 10 thru_hole circle (at -12.7 3.1 90) (size 1.56 1.56) (drill 1.04) (layers *.Cu *.Mask)
      (net 45 "Net-(U1-Pad10)"))
    (pad 9 thru_hole circle (at -12.7 0.56 90) (size 1.56 1.56) (drill 1.04) (layers *.Cu *.Mask)
      (net 44 "Net-(U1-Pad9)"))
    (pad 8 thru_hole circle (at -12.7 -1.98 90) (size 1.56 1.56) (drill 1.04) (layers *.Cu *.Mask)
      (net 43 "Net-(U1-Pad8)"))
    (pad 7 thru_hole circle (at -12.7 -4.52 90) (size 1.56 1.56) (drill 1.04) (layers *.Cu *.Mask)
      (net 42 "Net-(U1-Pad7)"))
    (pad 6 thru_hole circle (at -12.7 -7.06 90) (size 1.56 1.56) (drill 1.04) (layers *.Cu *.Mask)
      (net 41 "Net-(U1-Pad6)"))
    (pad 5 thru_hole circle (at -12.7 -9.6 90) (size 1.56 1.56) (drill 1.04) (layers *.Cu *.Mask)
      (net 40 "Net-(U1-Pad5)"))
    (pad 4 thru_hole circle (at -12.7 -12.14 90) (size 1.56 1.56) (drill 1.04) (layers *.Cu *.Mask)
      (net 39 "Net-(U1-Pad4)"))
    (pad 3 thru_hole circle (at -12.7 -14.68 90) (size 1.56 1.56) (drill 1.04) (layers *.Cu *.Mask)
      (net 38 "Net-(U1-Pad3)"))
    (pad 19 thru_hole circle (at -12.7 25.96 90) (size 1.56 1.56) (drill 1.04) (layers *.Cu *.Mask)
      (net 9 VCC))
    (pad 2 thru_hole circle (at -12.7 -17.22 90) (size 1.56 1.56) (drill 1.04) (layers *.Cu *.Mask)
      (net 37 "Net-(U1-Pad2)"))
    (pad 1 thru_hole rect (at -12.7 -19.76 90) (size 1.56 1.56) (drill 1.04) (layers *.Cu *.Mask)
      (net 36 "Net-(U1-Pad1)"))
    (model ${KIPRJMOD}/Models.3dshapes/test.step
      (at (xyz 0 0 0))
      (scale (xyz 1 1 1))
      (rotate (xyz 0 0 0))
    )
  )

  (module Package_SO:SOIC-14_3.9x8.7mm_P1.27mm (layer B.Cu) (tedit 5D9F72B1) (tstamp 5F70EC6E)
    (at 154.868 128.65)
    (descr "SOIC, 14 Pin (JEDEC MS-012AB, https://www.analog.com/media/en/package-pcb-resources/package/pkg_pdf/soic_narrow-r/r_14.pdf), generated with kicad-footprint-generator ipc_gullwing_generator.py")
    (tags "SOIC SO")
    (path /5F2C883D)
    (attr smd)
    (fp_text reference U3 (at 0 5.28) (layer B.SilkS)
      (effects (font (size 1 1) (thickness 0.15)) (justify mirror))
    )
    (fp_text value TLC2274 (at 0 -5.28) (layer B.Fab)
      (effects (font (size 1 1) (thickness 0.15)) (justify mirror))
    )
    (fp_line (start 0 -4.435) (end 1.95 -4.435) (layer B.SilkS) (width 0.12))
    (fp_line (start 0 -4.435) (end -1.95 -4.435) (layer B.SilkS) (width 0.12))
    (fp_line (start 0 4.435) (end 1.95 4.435) (layer B.SilkS) (width 0.12))
    (fp_line (start 0 4.435) (end -3.45 4.435) (layer B.SilkS) (width 0.12))
    (fp_line (start -0.975 4.325) (end 1.95 4.325) (layer B.Fab) (width 0.1))
    (fp_line (start 1.95 4.325) (end 1.95 -4.325) (layer B.Fab) (width 0.1))
    (fp_line (start 1.95 -4.325) (end -1.95 -4.325) (layer B.Fab) (width 0.1))
    (fp_line (start -1.95 -4.325) (end -1.95 3.35) (layer B.Fab) (width 0.1))
    (fp_line (start -1.95 3.35) (end -0.975 4.325) (layer B.Fab) (width 0.1))
    (fp_line (start -3.7 4.58) (end -3.7 -4.58) (layer B.CrtYd) (width 0.05))
    (fp_line (start -3.7 -4.58) (end 3.7 -4.58) (layer B.CrtYd) (width 0.05))
    (fp_line (start 3.7 -4.58) (end 3.7 4.58) (layer B.CrtYd) (width 0.05))
    (fp_line (start 3.7 4.58) (end -3.7 4.58) (layer B.CrtYd) (width 0.05))
    (fp_text user %R (at 0 0) (layer B.Fab)
      (effects (font (size 0.98 0.98) (thickness 0.15)) (justify mirror))
    )
    (pad 1 smd roundrect (at -2.475 3.81) (size 1.95 0.6) (layers B.Cu B.Paste B.Mask) (roundrect_rratio 0.25)
      (net 29 "Net-(R12-Pad2)"))
    (pad 2 smd roundrect (at -2.475 2.54) (size 1.95 0.6) (layers B.Cu B.Paste B.Mask) (roundrect_rratio 0.25)
      (net 29 "Net-(R12-Pad2)"))
    (pad 3 smd roundrect (at -2.475 1.27) (size 1.95 0.6) (layers B.Cu B.Paste B.Mask) (roundrect_rratio 0.25)
      (net 8 "Net-(C6-Pad2)"))
    (pad 4 smd roundrect (at -2.475 0) (size 1.95 0.6) (layers B.Cu B.Paste B.Mask) (roundrect_rratio 0.25)
      (net 9 VCC))
    (pad 5 smd roundrect (at -2.475 -1.27) (size 1.95 0.6) (layers B.Cu B.Paste B.Mask) (roundrect_rratio 0.25)
      (net 19 "Net-(D3-Pad3)"))
    (pad 6 smd roundrect (at -2.475 -2.54) (size 1.95 0.6) (layers B.Cu B.Paste B.Mask) (roundrect_rratio 0.25)
      (net 33 "Net-(R16-Pad2)"))
    (pad 7 smd roundrect (at -2.475 -3.81) (size 1.95 0.6) (layers B.Cu B.Paste B.Mask) (roundrect_rratio 0.25)
      (net 33 "Net-(R16-Pad2)"))
    (pad 8 smd roundrect (at 2.475 -3.81) (size 1.95 0.6) (layers B.Cu B.Paste B.Mask) (roundrect_rratio 0.25)
      (net 34 "Net-(R17-Pad2)"))
    (pad 9 smd roundrect (at 2.475 -2.54) (size 1.95 0.6) (layers B.Cu B.Paste B.Mask) (roundrect_rratio 0.25)
      (net 34 "Net-(R17-Pad2)"))
    (pad 10 smd roundrect (at 2.475 -1.27) (size 1.95 0.6) (layers B.Cu B.Paste B.Mask) (roundrect_rratio 0.25)
      (net 20 "Net-(D4-Pad3)"))
    (pad 11 smd roundrect (at 2.475 0) (size 1.95 0.6) (layers B.Cu B.Paste B.Mask) (roundrect_rratio 0.25)
      (net 4 GND))
    (pad 12 smd roundrect (at 2.475 1.27) (size 1.95 0.6) (layers B.Cu B.Paste B.Mask) (roundrect_rratio 0.25)
      (net 21 "Net-(D5-Pad3)"))
    (pad 13 smd roundrect (at 2.475 2.54) (size 1.95 0.6) (layers B.Cu B.Paste B.Mask) (roundrect_rratio 0.25)
      (net 35 "Net-(R18-Pad2)"))
    (pad 14 smd roundrect (at 2.475 3.81) (size 1.95 0.6) (layers B.Cu B.Paste B.Mask) (roundrect_rratio 0.25)
      (net 35 "Net-(R18-Pad2)"))
    (model ${KISYS3DMOD}/Package_SO.3dshapes/SOIC-14_3.9x8.7mm_P1.27mm.wrl
      (at (xyz 0 0 0))
      (scale (xyz 1 1 1))
      (rotate (xyz 0 0 0))
    )
  )

  (module Capacitor_SMD:C_0805_2012Metric_Pad1.15x1.40mm_HandSolder (layer F.Cu) (tedit 5B36C52B) (tstamp 5F71F557)
    (at 145.5 116 90)
    (descr "Capacitor SMD 0805 (2012 Metric), square (rectangular) end terminal, IPC_7351 nominal with elongated pad for handsoldering. (Body size source: https://docs.google.com/spreadsheets/d/1BsfQQcO9C6DZCsRaXUlFlo91Tg2WpOkGARC1WS5S8t0/edit?usp=sharing), generated with kicad-footprint-generator")
    (tags "capacitor handsolder")
    (path /5FDB636B)
    (attr smd)
    (fp_text reference C23 (at 0 -1.65 90) (layer F.SilkS)
      (effects (font (size 1 1) (thickness 0.15)))
    )
    (fp_text value 22uF/10V (at 0 1.65 90) (layer F.Fab)
      (effects (font (size 1 1) (thickness 0.15)))
    )
    (fp_text user %R (at 0 0 90) (layer F.Fab)
      (effects (font (size 0.5 0.5) (thickness 0.08)))
    )
    (fp_line (start 1.85 0.95) (end -1.85 0.95) (layer F.CrtYd) (width 0.05))
    (fp_line (start 1.85 -0.95) (end 1.85 0.95) (layer F.CrtYd) (width 0.05))
    (fp_line (start -1.85 -0.95) (end 1.85 -0.95) (layer F.CrtYd) (width 0.05))
    (fp_line (start -1.85 0.95) (end -1.85 -0.95) (layer F.CrtYd) (width 0.05))
    (fp_line (start -0.261252 0.71) (end 0.261252 0.71) (layer F.SilkS) (width 0.12))
    (fp_line (start -0.261252 -0.71) (end 0.261252 -0.71) (layer F.SilkS) (width 0.12))
    (fp_line (start 1 0.6) (end -1 0.6) (layer F.Fab) (width 0.1))
    (fp_line (start 1 -0.6) (end 1 0.6) (layer F.Fab) (width 0.1))
    (fp_line (start -1 -0.6) (end 1 -0.6) (layer F.Fab) (width 0.1))
    (fp_line (start -1 0.6) (end -1 -0.6) (layer F.Fab) (width 0.1))
    (pad 2 smd roundrect (at 1.025 0 90) (size 1.15 1.4) (layers F.Cu F.Paste F.Mask) (roundrect_rratio 0.217391)
      (net 4 GND))
    (pad 1 smd roundrect (at -1.025 0 90) (size 1.15 1.4) (layers F.Cu F.Paste F.Mask) (roundrect_rratio 0.217391)
      (net 17 3V3))
    (model ${KISYS3DMOD}/Capacitor_SMD.3dshapes/C_0805_2012Metric.wrl
      (at (xyz 0 0 0))
      (scale (xyz 1 1 1))
      (rotate (xyz 0 0 0))
    )
  )

  (module Capacitor_SMD:C_0805_2012Metric_Pad1.15x1.40mm_HandSolder (layer B.Cu) (tedit 5B36C52B) (tstamp 5F71B7CC)
    (at 155.25 109.985 270)
    (descr "Capacitor SMD 0805 (2012 Metric), square (rectangular) end terminal, IPC_7351 nominal with elongated pad for handsoldering. (Body size source: https://docs.google.com/spreadsheets/d/1BsfQQcO9C6DZCsRaXUlFlo91Tg2WpOkGARC1WS5S8t0/edit?usp=sharing), generated with kicad-footprint-generator")
    (tags "capacitor handsolder")
    (path /5FDEEFE6)
    (attr smd)
    (fp_text reference C22 (at 0 1.65 270) (layer B.SilkS)
      (effects (font (size 1 1) (thickness 0.15)) (justify mirror))
    )
    (fp_text value 10uF/50V (at 0 -1.65 270) (layer B.Fab)
      (effects (font (size 1 1) (thickness 0.15)) (justify mirror))
    )
    (fp_text user %R (at 0 0 270) (layer B.Fab)
      (effects (font (size 0.5 0.5) (thickness 0.08)) (justify mirror))
    )
    (fp_line (start 1.85 -0.95) (end -1.85 -0.95) (layer B.CrtYd) (width 0.05))
    (fp_line (start 1.85 0.95) (end 1.85 -0.95) (layer B.CrtYd) (width 0.05))
    (fp_line (start -1.85 0.95) (end 1.85 0.95) (layer B.CrtYd) (width 0.05))
    (fp_line (start -1.85 -0.95) (end -1.85 0.95) (layer B.CrtYd) (width 0.05))
    (fp_line (start -0.261252 -0.71) (end 0.261252 -0.71) (layer B.SilkS) (width 0.12))
    (fp_line (start -0.261252 0.71) (end 0.261252 0.71) (layer B.SilkS) (width 0.12))
    (fp_line (start 1 -0.6) (end -1 -0.6) (layer B.Fab) (width 0.1))
    (fp_line (start 1 0.6) (end 1 -0.6) (layer B.Fab) (width 0.1))
    (fp_line (start -1 0.6) (end 1 0.6) (layer B.Fab) (width 0.1))
    (fp_line (start -1 -0.6) (end -1 0.6) (layer B.Fab) (width 0.1))
    (pad 2 smd roundrect (at 1.025 0 270) (size 1.15 1.4) (layers B.Cu B.Paste B.Mask) (roundrect_rratio 0.217391)
      (net 4 GND))
    (pad 1 smd roundrect (at -1.025 0 270) (size 1.15 1.4) (layers B.Cu B.Paste B.Mask) (roundrect_rratio 0.217391)
      (net 3 "Net-(C22-Pad1)"))
    (model ${KISYS3DMOD}/Capacitor_SMD.3dshapes/C_0805_2012Metric.wrl
      (at (xyz 0 0 0))
      (scale (xyz 1 1 1))
      (rotate (xyz 0 0 0))
    )
  )

  (module Capacitor_SMD:C_0805_2012Metric_Pad1.15x1.40mm_HandSolder (layer B.Cu) (tedit 5B36C52B) (tstamp 5EFD5DA8)
    (at 105.725 132.4 180)
    (descr "Capacitor SMD 0805 (2012 Metric), square (rectangular) end terminal, IPC_7351 nominal with elongated pad for handsoldering. (Body size source: https://docs.google.com/spreadsheets/d/1BsfQQcO9C6DZCsRaXUlFlo91Tg2WpOkGARC1WS5S8t0/edit?usp=sharing), generated with kicad-footprint-generator")
    (tags "capacitor handsolder")
    (path /5F0384AE)
    (attr smd)
    (fp_text reference C10 (at 0 1.65) (layer B.SilkS)
      (effects (font (size 1 1) (thickness 0.15)) (justify mirror))
    )
    (fp_text value 100n (at 0 -1.65) (layer B.Fab)
      (effects (font (size 1 1) (thickness 0.15)) (justify mirror))
    )
    (fp_text user %R (at 0 0) (layer B.Fab)
      (effects (font (size 0.5 0.5) (thickness 0.08)) (justify mirror))
    )
    (fp_line (start 1.85 -0.95) (end -1.85 -0.95) (layer B.CrtYd) (width 0.05))
    (fp_line (start 1.85 0.95) (end 1.85 -0.95) (layer B.CrtYd) (width 0.05))
    (fp_line (start -1.85 0.95) (end 1.85 0.95) (layer B.CrtYd) (width 0.05))
    (fp_line (start -1.85 -0.95) (end -1.85 0.95) (layer B.CrtYd) (width 0.05))
    (fp_line (start -0.261252 -0.71) (end 0.261252 -0.71) (layer B.SilkS) (width 0.12))
    (fp_line (start -0.261252 0.71) (end 0.261252 0.71) (layer B.SilkS) (width 0.12))
    (fp_line (start 1 -0.6) (end -1 -0.6) (layer B.Fab) (width 0.1))
    (fp_line (start 1 0.6) (end 1 -0.6) (layer B.Fab) (width 0.1))
    (fp_line (start -1 0.6) (end 1 0.6) (layer B.Fab) (width 0.1))
    (fp_line (start -1 -0.6) (end -1 0.6) (layer B.Fab) (width 0.1))
    (pad 2 smd roundrect (at 1.025 0 180) (size 1.15 1.4) (layers B.Cu B.Paste B.Mask) (roundrect_rratio 0.217391)
      (net 4 GND))
    (pad 1 smd roundrect (at -1.025 0 180) (size 1.15 1.4) (layers B.Cu B.Paste B.Mask) (roundrect_rratio 0.217391)
      (net 10 V_SENSOR))
    (model ${KISYS3DMOD}/Capacitor_SMD.3dshapes/C_0805_2012Metric.wrl
      (at (xyz 0 0 0))
      (scale (xyz 1 1 1))
      (rotate (xyz 0 0 0))
    )
  )

  (module Capacitor_SMD:C_0805_2012Metric_Pad1.15x1.40mm_HandSolder (layer B.Cu) (tedit 5B36C52B) (tstamp 5F724A22)
    (at 139.725 117.25 180)
    (descr "Capacitor SMD 0805 (2012 Metric), square (rectangular) end terminal, IPC_7351 nominal with elongated pad for handsoldering. (Body size source: https://docs.google.com/spreadsheets/d/1BsfQQcO9C6DZCsRaXUlFlo91Tg2WpOkGARC1WS5S8t0/edit?usp=sharing), generated with kicad-footprint-generator")
    (tags "capacitor handsolder")
    (path /5F14C297)
    (attr smd)
    (fp_text reference C7 (at 0 1.65 180) (layer B.SilkS)
      (effects (font (size 1 1) (thickness 0.15)) (justify mirror))
    )
    (fp_text value 22uF/10V (at 0 -1.65 180) (layer B.Fab)
      (effects (font (size 1 1) (thickness 0.15)) (justify mirror))
    )
    (fp_text user %R (at 0 0 180) (layer B.Fab)
      (effects (font (size 0.5 0.5) (thickness 0.08)) (justify mirror))
    )
    (fp_line (start 1.85 -0.95) (end -1.85 -0.95) (layer B.CrtYd) (width 0.05))
    (fp_line (start 1.85 0.95) (end 1.85 -0.95) (layer B.CrtYd) (width 0.05))
    (fp_line (start -1.85 0.95) (end 1.85 0.95) (layer B.CrtYd) (width 0.05))
    (fp_line (start -1.85 -0.95) (end -1.85 0.95) (layer B.CrtYd) (width 0.05))
    (fp_line (start -0.261252 -0.71) (end 0.261252 -0.71) (layer B.SilkS) (width 0.12))
    (fp_line (start -0.261252 0.71) (end 0.261252 0.71) (layer B.SilkS) (width 0.12))
    (fp_line (start 1 -0.6) (end -1 -0.6) (layer B.Fab) (width 0.1))
    (fp_line (start 1 0.6) (end 1 -0.6) (layer B.Fab) (width 0.1))
    (fp_line (start -1 0.6) (end 1 0.6) (layer B.Fab) (width 0.1))
    (fp_line (start -1 -0.6) (end -1 0.6) (layer B.Fab) (width 0.1))
    (pad 2 smd roundrect (at 1.025 0 180) (size 1.15 1.4) (layers B.Cu B.Paste B.Mask) (roundrect_rratio 0.217391)
      (net 4 GND))
    (pad 1 smd roundrect (at -1.025 0 180) (size 1.15 1.4) (layers B.Cu B.Paste B.Mask) (roundrect_rratio 0.217391)
      (net 9 VCC))
    (model ${KISYS3DMOD}/Capacitor_SMD.3dshapes/C_0805_2012Metric.wrl
      (at (xyz 0 0 0))
      (scale (xyz 1 1 1))
      (rotate (xyz 0 0 0))
    )
  )

  (module Capacitor_SMD:C_0805_2012Metric_Pad1.15x1.40mm_HandSolder (layer B.Cu) (tedit 5B36C52B) (tstamp 5EF9513B)
    (at 142 109.985 270)
    (descr "Capacitor SMD 0805 (2012 Metric), square (rectangular) end terminal, IPC_7351 nominal with elongated pad for handsoldering. (Body size source: https://docs.google.com/spreadsheets/d/1BsfQQcO9C6DZCsRaXUlFlo91Tg2WpOkGARC1WS5S8t0/edit?usp=sharing), generated with kicad-footprint-generator")
    (tags "capacitor handsolder")
    (path /5F13C860)
    (attr smd)
    (fp_text reference C4 (at 0 1.65 90) (layer B.SilkS)
      (effects (font (size 1 1) (thickness 0.15)) (justify mirror))
    )
    (fp_text value 10uF/50V (at 0 -1.65 90) (layer B.Fab)
      (effects (font (size 1 1) (thickness 0.15)) (justify mirror))
    )
    (fp_text user %R (at 0 0 90) (layer B.Fab)
      (effects (font (size 0.5 0.5) (thickness 0.08)) (justify mirror))
    )
    (fp_line (start 1.85 -0.95) (end -1.85 -0.95) (layer B.CrtYd) (width 0.05))
    (fp_line (start 1.85 0.95) (end 1.85 -0.95) (layer B.CrtYd) (width 0.05))
    (fp_line (start -1.85 0.95) (end 1.85 0.95) (layer B.CrtYd) (width 0.05))
    (fp_line (start -1.85 -0.95) (end -1.85 0.95) (layer B.CrtYd) (width 0.05))
    (fp_line (start -0.261252 -0.71) (end 0.261252 -0.71) (layer B.SilkS) (width 0.12))
    (fp_line (start -0.261252 0.71) (end 0.261252 0.71) (layer B.SilkS) (width 0.12))
    (fp_line (start 1 -0.6) (end -1 -0.6) (layer B.Fab) (width 0.1))
    (fp_line (start 1 0.6) (end 1 -0.6) (layer B.Fab) (width 0.1))
    (fp_line (start -1 0.6) (end 1 0.6) (layer B.Fab) (width 0.1))
    (fp_line (start -1 -0.6) (end -1 0.6) (layer B.Fab) (width 0.1))
    (pad 2 smd roundrect (at 1.025 0 270) (size 1.15 1.4) (layers B.Cu B.Paste B.Mask) (roundrect_rratio 0.217391)
      (net 4 GND))
    (pad 1 smd roundrect (at -1.025 0 270) (size 1.15 1.4) (layers B.Cu B.Paste B.Mask) (roundrect_rratio 0.217391)
      (net 3 "Net-(C22-Pad1)"))
    (model ${KISYS3DMOD}/Capacitor_SMD.3dshapes/C_0805_2012Metric.wrl
      (at (xyz 0 0 0))
      (scale (xyz 1 1 1))
      (rotate (xyz 0 0 0))
    )
  )

  (module Capacitor_SMD:C_0805_2012Metric_Pad1.15x1.40mm_HandSolder (layer B.Cu) (tedit 5B36C52B) (tstamp 5EFD5D18)
    (at 90.85 121.15 180)
    (descr "Capacitor SMD 0805 (2012 Metric), square (rectangular) end terminal, IPC_7351 nominal with elongated pad for handsoldering. (Body size source: https://docs.google.com/spreadsheets/d/1BsfQQcO9C6DZCsRaXUlFlo91Tg2WpOkGARC1WS5S8t0/edit?usp=sharing), generated with kicad-footprint-generator")
    (tags "capacitor handsolder")
    (path /5F1FFA8C)
    (attr smd)
    (fp_text reference C16 (at 0 1.65) (layer B.SilkS)
      (effects (font (size 1 1) (thickness 0.15)) (justify mirror))
    )
    (fp_text value 100n (at 0 -1.65) (layer B.Fab)
      (effects (font (size 1 1) (thickness 0.15)) (justify mirror))
    )
    (fp_text user %R (at 0 0) (layer B.Fab)
      (effects (font (size 0.5 0.5) (thickness 0.08)) (justify mirror))
    )
    (fp_line (start 1.85 -0.95) (end -1.85 -0.95) (layer B.CrtYd) (width 0.05))
    (fp_line (start 1.85 0.95) (end 1.85 -0.95) (layer B.CrtYd) (width 0.05))
    (fp_line (start -1.85 0.95) (end 1.85 0.95) (layer B.CrtYd) (width 0.05))
    (fp_line (start -1.85 -0.95) (end -1.85 0.95) (layer B.CrtYd) (width 0.05))
    (fp_line (start -0.261252 -0.71) (end 0.261252 -0.71) (layer B.SilkS) (width 0.12))
    (fp_line (start -0.261252 0.71) (end 0.261252 0.71) (layer B.SilkS) (width 0.12))
    (fp_line (start 1 -0.6) (end -1 -0.6) (layer B.Fab) (width 0.1))
    (fp_line (start 1 0.6) (end 1 -0.6) (layer B.Fab) (width 0.1))
    (fp_line (start -1 0.6) (end 1 0.6) (layer B.Fab) (width 0.1))
    (fp_line (start -1 -0.6) (end -1 0.6) (layer B.Fab) (width 0.1))
    (pad 2 smd roundrect (at 1.025 0 180) (size 1.15 1.4) (layers B.Cu B.Paste B.Mask) (roundrect_rratio 0.217391)
      (net 4 GND))
    (pad 1 smd roundrect (at -1.025 0 180) (size 1.15 1.4) (layers B.Cu B.Paste B.Mask) (roundrect_rratio 0.217391)
      (net 16 CURR_3))
    (model ${KISYS3DMOD}/Capacitor_SMD.3dshapes/C_0805_2012Metric.wrl
      (at (xyz 0 0 0))
      (scale (xyz 1 1 1))
      (rotate (xyz 0 0 0))
    )
  )

  (module Capacitor_SMD:C_0805_2012Metric_Pad1.15x1.40mm_HandSolder (layer B.Cu) (tedit 5B36C52B) (tstamp 5EFD5D48)
    (at 115 116.03 90)
    (descr "Capacitor SMD 0805 (2012 Metric), square (rectangular) end terminal, IPC_7351 nominal with elongated pad for handsoldering. (Body size source: https://docs.google.com/spreadsheets/d/1BsfQQcO9C6DZCsRaXUlFlo91Tg2WpOkGARC1WS5S8t0/edit?usp=sharing), generated with kicad-footprint-generator")
    (tags "capacitor handsolder")
    (path /5F220C11)
    (attr smd)
    (fp_text reference C15 (at 0 1.65 90) (layer B.SilkS)
      (effects (font (size 1 1) (thickness 0.15)) (justify mirror))
    )
    (fp_text value 100n (at 0 -1.65 90) (layer B.Fab)
      (effects (font (size 1 1) (thickness 0.15)) (justify mirror))
    )
    (fp_text user %R (at 0 0 90) (layer B.Fab)
      (effects (font (size 0.5 0.5) (thickness 0.08)) (justify mirror))
    )
    (fp_line (start 1.85 -0.95) (end -1.85 -0.95) (layer B.CrtYd) (width 0.05))
    (fp_line (start 1.85 0.95) (end 1.85 -0.95) (layer B.CrtYd) (width 0.05))
    (fp_line (start -1.85 0.95) (end 1.85 0.95) (layer B.CrtYd) (width 0.05))
    (fp_line (start -1.85 -0.95) (end -1.85 0.95) (layer B.CrtYd) (width 0.05))
    (fp_line (start -0.261252 -0.71) (end 0.261252 -0.71) (layer B.SilkS) (width 0.12))
    (fp_line (start -0.261252 0.71) (end 0.261252 0.71) (layer B.SilkS) (width 0.12))
    (fp_line (start 1 -0.6) (end -1 -0.6) (layer B.Fab) (width 0.1))
    (fp_line (start 1 0.6) (end 1 -0.6) (layer B.Fab) (width 0.1))
    (fp_line (start -1 0.6) (end 1 0.6) (layer B.Fab) (width 0.1))
    (fp_line (start -1 -0.6) (end -1 0.6) (layer B.Fab) (width 0.1))
    (pad 2 smd roundrect (at 1.025 0 90) (size 1.15 1.4) (layers B.Cu B.Paste B.Mask) (roundrect_rratio 0.217391)
      (net 4 GND))
    (pad 1 smd roundrect (at -1.025 0 90) (size 1.15 1.4) (layers B.Cu B.Paste B.Mask) (roundrect_rratio 0.217391)
      (net 15 CURR_2))
    (model ${KISYS3DMOD}/Capacitor_SMD.3dshapes/C_0805_2012Metric.wrl
      (at (xyz 0 0 0))
      (scale (xyz 1 1 1))
      (rotate (xyz 0 0 0))
    )
  )

  (module Capacitor_SMD:C_0805_2012Metric_Pad1.15x1.40mm_HandSolder (layer B.Cu) (tedit 5B36C52B) (tstamp 5EFD5D78)
    (at 90.85 125.15 180)
    (descr "Capacitor SMD 0805 (2012 Metric), square (rectangular) end terminal, IPC_7351 nominal with elongated pad for handsoldering. (Body size source: https://docs.google.com/spreadsheets/d/1BsfQQcO9C6DZCsRaXUlFlo91Tg2WpOkGARC1WS5S8t0/edit?usp=sharing), generated with kicad-footprint-generator")
    (tags "capacitor handsolder")
    (path /5F228B67)
    (attr smd)
    (fp_text reference C14 (at 0 1.65) (layer B.SilkS)
      (effects (font (size 1 1) (thickness 0.15)) (justify mirror))
    )
    (fp_text value 100n (at 0 -1.65) (layer B.Fab)
      (effects (font (size 1 1) (thickness 0.15)) (justify mirror))
    )
    (fp_text user %R (at 0 0) (layer B.Fab)
      (effects (font (size 0.5 0.5) (thickness 0.08)) (justify mirror))
    )
    (fp_line (start 1.85 -0.95) (end -1.85 -0.95) (layer B.CrtYd) (width 0.05))
    (fp_line (start 1.85 0.95) (end 1.85 -0.95) (layer B.CrtYd) (width 0.05))
    (fp_line (start -1.85 0.95) (end 1.85 0.95) (layer B.CrtYd) (width 0.05))
    (fp_line (start -1.85 -0.95) (end -1.85 0.95) (layer B.CrtYd) (width 0.05))
    (fp_line (start -0.261252 -0.71) (end 0.261252 -0.71) (layer B.SilkS) (width 0.12))
    (fp_line (start -0.261252 0.71) (end 0.261252 0.71) (layer B.SilkS) (width 0.12))
    (fp_line (start 1 -0.6) (end -1 -0.6) (layer B.Fab) (width 0.1))
    (fp_line (start 1 0.6) (end 1 -0.6) (layer B.Fab) (width 0.1))
    (fp_line (start -1 0.6) (end 1 0.6) (layer B.Fab) (width 0.1))
    (fp_line (start -1 -0.6) (end -1 0.6) (layer B.Fab) (width 0.1))
    (pad 2 smd roundrect (at 1.025 0 180) (size 1.15 1.4) (layers B.Cu B.Paste B.Mask) (roundrect_rratio 0.217391)
      (net 4 GND))
    (pad 1 smd roundrect (at -1.025 0 180) (size 1.15 1.4) (layers B.Cu B.Paste B.Mask) (roundrect_rratio 0.217391)
      (net 14 CURR_1))
    (model ${KISYS3DMOD}/Capacitor_SMD.3dshapes/C_0805_2012Metric.wrl
      (at (xyz 0 0 0))
      (scale (xyz 1 1 1))
      (rotate (xyz 0 0 0))
    )
  )

  (module Capacitor_Tantalum_SMD:CP_EIA-3528-21_Kemet-B_Pad1.50x2.35mm_HandSolder (layer B.Cu) (tedit 5B342532) (tstamp 5F6BC852)
    (at 142.25 130.75 270)
    (descr "Tantalum Capacitor SMD Kemet-B (3528-21 Metric), IPC_7351 nominal, (Body size from: http://www.kemet.com/Lists/ProductCatalog/Attachments/253/KEM_TC101_STD.pdf), generated with kicad-footprint-generator")
    (tags "capacitor tantalum")
    (path /5EEE7C78)
    (attr smd)
    (fp_text reference C6 (at 0 2.35 90) (layer B.SilkS)
      (effects (font (size 1 1) (thickness 0.15)) (justify mirror))
    )
    (fp_text value 100u (at 0 -2.35 90) (layer B.Fab)
      (effects (font (size 1 1) (thickness 0.15)) (justify mirror))
    )
    (fp_text user %R (at 0 0 90) (layer B.Fab)
      (effects (font (size 0.88 0.88) (thickness 0.13)) (justify mirror))
    )
    (fp_line (start 2.62 -1.65) (end -2.62 -1.65) (layer B.CrtYd) (width 0.05))
    (fp_line (start 2.62 1.65) (end 2.62 -1.65) (layer B.CrtYd) (width 0.05))
    (fp_line (start -2.62 1.65) (end 2.62 1.65) (layer B.CrtYd) (width 0.05))
    (fp_line (start -2.62 -1.65) (end -2.62 1.65) (layer B.CrtYd) (width 0.05))
    (fp_line (start -2.635 -1.51) (end 1.75 -1.51) (layer B.SilkS) (width 0.12))
    (fp_line (start -2.635 1.51) (end -2.635 -1.51) (layer B.SilkS) (width 0.12))
    (fp_line (start 1.75 1.51) (end -2.635 1.51) (layer B.SilkS) (width 0.12))
    (fp_line (start 1.75 -1.4) (end 1.75 1.4) (layer B.Fab) (width 0.1))
    (fp_line (start -1.75 -1.4) (end 1.75 -1.4) (layer B.Fab) (width 0.1))
    (fp_line (start -1.75 0.7) (end -1.75 -1.4) (layer B.Fab) (width 0.1))
    (fp_line (start -1.05 1.4) (end -1.75 0.7) (layer B.Fab) (width 0.1))
    (fp_line (start 1.75 1.4) (end -1.05 1.4) (layer B.Fab) (width 0.1))
    (pad 2 smd roundrect (at 1.625 0 270) (size 1.5 2.35) (layers B.Cu B.Paste B.Mask) (roundrect_rratio 0.166667)
      (net 8 "Net-(C6-Pad2)"))
    (pad 1 smd roundrect (at -1.625 0 270) (size 1.5 2.35) (layers B.Cu B.Paste B.Mask) (roundrect_rratio 0.166667)
      (net 7 "Net-(C6-Pad1)"))
    (model ${KISYS3DMOD}/Capacitor_Tantalum_SMD.3dshapes/CP_EIA-3528-21_Kemet-B.wrl
      (at (xyz 0 0 0))
      (scale (xyz 1 1 1))
      (rotate (xyz 0 0 0))
    )
  )

  (module MyCustom_Footprints:RV_Disc_D12mm_W3.9mm_P7.5mm_1.1mm (layer F.Cu) (tedit 5F670AE5) (tstamp 5EFAD366)
    (at 94.2 90.4 90)
    (descr "Varistor, diameter 12mm, width 3.9mm, pitch 7.5mm")
    (tags "varistor SIOV")
    (path /5F0967EB)
    (fp_text reference R6 (at 3.75 3.65 90) (layer F.SilkS)
      (effects (font (size 1 1) (thickness 0.15)))
    )
    (fp_text value MOV-10D201KTR (at 3.75 -2.25 90) (layer F.Fab)
      (effects (font (size 1 1) (thickness 0.15)))
    )
    (fp_line (start -2.25 -1.25) (end -2.25 2.65) (layer F.Fab) (width 0.1))
    (fp_line (start 9.75 -1.25) (end 9.75 2.65) (layer F.Fab) (width 0.1))
    (fp_line (start -2.25 -1.25) (end 9.75 -1.25) (layer F.Fab) (width 0.1))
    (fp_line (start -2.25 2.65) (end 9.75 2.65) (layer F.Fab) (width 0.1))
    (fp_line (start -2.25 -1.25) (end -2.25 2.65) (layer F.SilkS) (width 0.15))
    (fp_line (start 9.75 -1.25) (end 9.75 2.65) (layer F.SilkS) (width 0.15))
    (fp_line (start -2.25 -1.25) (end 9.75 -1.25) (layer F.SilkS) (width 0.15))
    (fp_line (start -2.25 2.65) (end 9.75 2.65) (layer F.SilkS) (width 0.15))
    (fp_line (start -2.5 -1.5) (end -2.5 2.9) (layer F.CrtYd) (width 0.05))
    (fp_line (start 10 -1.5) (end 10 2.9) (layer F.CrtYd) (width 0.05))
    (fp_line (start -2.5 -1.5) (end 10 -1.5) (layer F.CrtYd) (width 0.05))
    (fp_line (start -2.5 2.9) (end 10 2.9) (layer F.CrtYd) (width 0.05))
    (fp_text user %R (at 3.75 0.7 90) (layer F.Fab)
      (effects (font (size 1 1) (thickness 0.15)))
    )
    (pad 2 thru_hole circle (at 7.5 1.4 90) (size 1.8 1.8) (drill 1.1) (layers *.Cu *.Mask)
      (net 23 HOT))
